<?xml version="1.0"?>
<opencv_storage>
<image_width>1920</image_width>
<image_height>1440</image_height>
<camera_matrix type_id="opencv-matrix">
  <rows>3</rows>
  <cols>3</cols>
  <dt>d</dt>
  <data>
    5.5692627661738004e+02 0. 9.4808185259258448e+02 0.
    1.2438836411158511e+03 9.2221487352656561e+02 0. 0. 1.</data></camera_matrix>
<distortion_coefficients type_id="opencv-matrix">
  <rows>1</rows>
  <cols>5</cols>
  <dt>d</dt>
  <data>
    -9.7172464873602066e-02 -7.6968875128433339e-02 0. 0.
    1.0184750318462093e-02</data></distortion_coefficients>
</opencv_storage>
