<?xml version="1.0"?>
<opencv_storage>
<image_width>1920</image_width>
<image_height>1440</image_height>
<camera_matrix type_id="opencv-matrix">
  <rows>3</rows>
  <cols>3</cols>
  <dt>d</dt>
  <data>
    1.8093917589343566e+03 0. 1.0719174464407815e+03 0.
    1.8295926115608399e+03 8.5899910763293462e+02 0. 0. 1.</data></camera_matrix>
<distortion_coefficients type_id="opencv-matrix">
  <rows>1</rows>
  <cols>5</cols>
  <dt>d</dt>
  <data>
    -4.2126040461222464e-01 5.9144357731092754e+00 0. 0.
    -2.7245621015477134e+01</data></distortion_coefficients>
</opencv_storage>
