<?xml version="1.0"?>
<opencv_storage>
<image_width>1920</image_width>
<image_height>1440</image_height>
<Original_camera_matrix type_id="opencv-matrix">
  <rows>3</rows>
  <cols>3</cols>
  <dt>d</dt>
  <data>
    1500. 0. 960. 0. 1500. 720. 0. 0. 1.</data></Original_camera_matrix>
<Calibrated_camera_matrix type_id="opencv-matrix">
  <rows>3</rows>
  <cols>3</cols>
  <dt>d</dt>
  <data>
    1.4999633506774665e+03 0. 9.6000000061319565e+02 0.
    1.5001778482164341e+03 7.2000000239847236e+02 0. 0. 1.</data></Calibrated_camera_matrix>
<object_points>
  <_>
    0. 0. 0. 0. 1. 0. 0. 2. 0. 0. 3. 0. 0. 4. 0. 0. 5. 0. 0. 6. 0. 0. 7.
    0. 0. 8. 0. 0. 9. 0. 1. 0. 0. 1. 1. 0. 1. 2. 0. 1. 3. 0. 1. 4. 0. 1.
    5. 0. 1. 6. 0. 1. 7. 0. 1. 8. 0. 1. 9. 0. 2. 0. 0. 2. 1. 0. 2. 2. 0.
    2. 3. 0. 2. 4. 0. 2. 5. 0. 2. 6. 0. 2. 7. 0. 2. 8. 0. 2. 9. 0. 3. 0.
    0. 3. 1. 0. 3. 2. 0. 3. 3. 0. 3. 4. 0. 3. 5. 0. 3. 6. 0. 3. 7. 0. 3.
    8. 0. 3. 9. 0. 4. 0. 0. 4. 1. 0. 4. 2. 0. 4. 3. 0. 4. 4. 0. 4. 5. 0.
    4. 6. 0. 4. 7. 0. 4. 8. 0. 4. 9. 0. 5. 0. 0. 5. 1. 0. 5. 2. 0. 5. 3.
    0. 5. 4. 0. 5. 5. 0. 5. 6. 0. 5. 7. 0. 5. 8. 0. 5. 9. 0. 6. 0. 0. 6.
    1. 0. 6. 2. 0. 6. 3. 0. 6. 4. 0. 6. 5. 0. 6. 6. 0. 6. 7. 0. 6. 8. 0.
    6. 9. 0. 7. 0. 0. 7. 1. 0. 7. 2. 0. 7. 3. 0. 7. 4. 0. 7. 5. 0. 7. 6.
    0. 7. 7. 0. 7. 8. 0. 7. 9. 0. 8. 0. 0. 8. 1. 0. 8. 2. 0. 8. 3. 0. 8.
    4. 0. 8. 5. 0. 8. 6. 0. 8. 7. 0. 8. 8. 0. 8. 9. 0. 9. 0. 0. 9. 1. 0.
    9. 2. 0. 9. 3. 0. 9. 4. 0. 9. 5. 0. 9. 6. 0. 9. 7. 0. 9. 8. 0. 9. 9.
    0.</_>
  <_>
    0. 0. 0. 0. 1. 0. 0. 2. 0. 0. 3. 0. 0. 4. 0. 0. 5. 0. 0. 6. 0. 0. 7.
    0. 0. 8. 0. 0. 9. 0. 1. 0. 0. 1. 1. 0. 1. 2. 0. 1. 3. 0. 1. 4. 0. 1.
    5. 0. 1. 6. 0. 1. 7. 0. 1. 8. 0. 1. 9. 0. 2. 0. 0. 2. 1. 0. 2. 2. 0.
    2. 3. 0. 2. 4. 0. 2. 5. 0. 2. 6. 0. 2. 7. 0. 2. 8. 0. 2. 9. 0. 3. 0.
    0. 3. 1. 0. 3. 2. 0. 3. 3. 0. 3. 4. 0. 3. 5. 0. 3. 6. 0. 3. 7. 0. 3.
    8. 0. 3. 9. 0. 4. 0. 0. 4. 1. 0. 4. 2. 0. 4. 3. 0. 4. 4. 0. 4. 5. 0.
    4. 6. 0. 4. 7. 0. 4. 8. 0. 4. 9. 0. 5. 0. 0. 5. 1. 0. 5. 2. 0. 5. 3.
    0. 5. 4. 0. 5. 5. 0. 5. 6. 0. 5. 7. 0. 5. 8. 0. 5. 9. 0. 6. 0. 0. 6.
    1. 0. 6. 2. 0. 6. 3. 0. 6. 4. 0. 6. 5. 0. 6. 6. 0. 6. 7. 0. 6. 8. 0.
    6. 9. 0. 7. 0. 0. 7. 1. 0. 7. 2. 0. 7. 3. 0. 7. 4. 0. 7. 5. 0. 7. 6.
    0. 7. 7. 0. 7. 8. 0. 7. 9. 0. 8. 0. 0. 8. 1. 0. 8. 2. 0. 8. 3. 0. 8.
    4. 0. 8. 5. 0. 8. 6. 0. 8. 7. 0. 8. 8. 0. 8. 9. 0. 9. 0. 0. 9. 1. 0.
    9. 2. 0. 9. 3. 0. 9. 4. 0. 9. 5. 0. 9. 6. 0. 9. 7. 0. 9. 8. 0. 9. 9.
    0.</_></object_points>
<image_points>
  <_>
    1.83426257e+03 1.58341003e+03 1.83686658e+03 1.56980835e+03
    1.85516455e+03 1.56144739e+03 1.86640088e+03 1.55842480e+03
    1.87540039e+03 1.53864355e+03 1.88279309e+03 1.54233044e+03
    1.88834766e+03 1.53936609e+03 1.91064111e+03 1.53043945e+03
    1.91423376e+03 1.52979871e+03 1.92010413e+03 1.52999036e+03
    1.82996521e+03 1.56784766e+03 1.84714014e+03 1.56208484e+03
    1.84819373e+03 1.56176160e+03 1.85179602e+03 1.56110095e+03
    1.87307178e+03 1.55266052e+03 1.88027795e+03 1.54782410e+03
    1.88108899e+03 1.53878638e+03 1.89827881e+03 1.53363892e+03
    1.90016785e+03 1.51723950e+03 1.91117603e+03 1.52950232e+03
    1.81712244e+03 1.56367639e+03 1.82502002e+03 1.56065674e+03
    1.84531323e+03 1.55726282e+03 1.84936914e+03 1.55686804e+03
    1.84751941e+03 1.54718494e+03 1.86772461e+03 1.54239819e+03
    1.87460840e+03 1.53367871e+03 1.87278271e+03 1.52951282e+03
    1.89762341e+03 1.52257739e+03 1.89131384e+03 1.52921680e+03
    1.81874670e+03 1.56997083e+03 1.82322351e+03 1.56075061e+03
    1.83480811e+03 1.55983167e+03 1.84714502e+03 1.55427722e+03
    1.84718921e+03 1.53776538e+03 1.86157922e+03 1.52591614e+03
    1.87578430e+03 1.53403015e+03 1.88502429e+03 1.52526074e+03
    1.88461292e+03 1.51266235e+03 1.88593579e+03 1.52856702e+03
    1.80300464e+03 1.55997498e+03 1.81817725e+03 1.55115515e+03
    1.82523486e+03 1.56990808e+03 1.84046875e+03 1.54713538e+03
    1.85009973e+03 1.54299023e+03 1.85095520e+03 1.53249072e+03
    1.85867139e+03 1.53204114e+03 1.87009448e+03 1.52185059e+03
    1.87747290e+03 1.51359973e+03 1.89122546e+03 1.51783618e+03
    1.80340271e+03 1.55551843e+03 1.80182898e+03 1.54638977e+03
    1.81265930e+03 1.54924048e+03 1.83445105e+03 1.54531140e+03
    1.84024292e+03 1.53884204e+03 1.84001489e+03 1.53379834e+03
    1.85508740e+03 1.52871887e+03 1.86544189e+03 1.51579138e+03
    1.87287561e+03 1.50726343e+03 1.88530554e+03 1.51080713e+03
    1.79287024e+03 1.55579614e+03 1.80911121e+03 1.54400525e+03
    1.81431860e+03 1.54185059e+03 1.82808594e+03 1.54380847e+03
    1.82958130e+03 1.52665881e+03 1.83244043e+03 1.52766516e+03
    1.84232764e+03 1.52360913e+03 1.85664075e+03 1.52270532e+03
    1.86512976e+03 1.51063794e+03 1.87185156e+03 1.50649365e+03
    1.78643884e+03 1.56295105e+03 1.79316528e+03 1.53814502e+03
    1.79930090e+03 1.54739783e+03 1.81808179e+03 1.54004651e+03
    1.82690918e+03 1.53089905e+03 1.83632825e+03 1.50963501e+03
    1.84815649e+03 1.52451196e+03 1.84904590e+03 1.52587439e+03
    1.85997180e+03 1.51429565e+03 1.87500195e+03 1.50505896e+03
    1.78743262e+03 1.55796045e+03 1.78768665e+03 1.55099561e+03
    1.80543872e+03 1.55769751e+03 1.80700195e+03 1.53110999e+03
    1.82248926e+03 1.53178894e+03 1.83501477e+03 1.52291907e+03
    1.83687134e+03 1.52373975e+03 1.84699963e+03 1.51975488e+03
    1.85266614e+03 1.51491882e+03 1.85704236e+03 1.50372461e+03
    1.77435242e+03 1.55968677e+03 1.79056824e+03 1.55044812e+03
    1.78650085e+03 1.53960376e+03 1.80292944e+03 1.53337769e+03
    1.80885205e+03 1.52021265e+03 1.82005469e+03 1.51195618e+03
    1.82710681e+03 1.52312231e+03 1.84435632e+03 1.51151733e+03
    1.83880835e+03 1.50392773e+03 1.86173486e+03 1.51021985e+03</_>
  <_>
    1.58944617e+03 2.59021045e+03 1.57813086e+03 2.56683105e+03
    1.58602161e+03 2.57410156e+03 1.57969250e+03 2.55665234e+03
    1.57882336e+03 2.55346240e+03 1.57499475e+03 2.54923364e+03
    1.56519666e+03 2.53007886e+03 1.56503882e+03 2.52132373e+03
    1.55533618e+03 2.51323657e+03 1.55476807e+03 2.51438306e+03
    1.59678198e+03 2.58791382e+03 1.58101904e+03 2.57215845e+03
    1.59111414e+03 2.56359814e+03 1.58289233e+03 2.55241382e+03
    1.57512402e+03 2.55152271e+03 1.57709985e+03 2.54275220e+03
    1.57430969e+03 2.53135767e+03 1.57676794e+03 2.51748657e+03
    1.57619629e+03 2.51967090e+03 1.57396606e+03 2.51245190e+03
    1.60688110e+03 2.59108350e+03 1.59847009e+03 2.57102026e+03
    1.59089856e+03 2.55966260e+03 1.58826294e+03 2.55893628e+03
    1.59004980e+03 2.55718335e+03 1.59816675e+03 2.54718579e+03
    1.59033142e+03 2.52594995e+03 1.57990430e+03 2.52225830e+03
    1.58444946e+03 2.51481030e+03 1.57679651e+03 2.51419946e+03
    1.60352869e+03 2.58829858e+03 1.60583044e+03 2.56716113e+03
    1.60677039e+03 2.55525220e+03 1.58469861e+03 2.55981958e+03
    1.59263586e+03 2.53987573e+03 1.58799304e+03 2.52714136e+03
    1.57799512e+03 2.52774731e+03 1.58610449e+03 2.52112402e+03
    1.57807788e+03 2.51010352e+03 1.58942542e+03 2.51237085e+03
    1.62565906e+03 2.58163574e+03 1.61379126e+03 2.57264673e+03
    1.61386133e+03 2.56317847e+03 1.60469397e+03 2.54411987e+03
    1.61578760e+03 2.54758301e+03 1.61029834e+03 2.52954272e+03
    1.59193262e+03 2.53663940e+03 1.60375305e+03 2.53603076e+03
    1.59752893e+03 2.50565967e+03 1.59466541e+03 2.50538721e+03
    1.62713281e+03 2.57739893e+03 1.61824280e+03 2.58147925e+03
    1.62033875e+03 2.55797217e+03 1.61169788e+03 2.56345337e+03
    1.62002222e+03 2.54803687e+03 1.61401245e+03 2.53231104e+03
    1.60131238e+03 2.52843677e+03 1.60692041e+03 2.52463501e+03
    1.59949304e+03 2.51189453e+03 1.60053235e+03 2.51808521e+03
    1.63169421e+03 2.57485791e+03 1.62099951e+03 2.56733203e+03
    1.63365173e+03 2.55379224e+03 1.62919470e+03 2.55813745e+03
    1.60946460e+03 2.54597925e+03 1.61369348e+03 2.54212500e+03
    1.60709143e+03 2.53357056e+03 1.61888416e+03 2.51980688e+03
    1.60234119e+03 2.51674585e+03 1.60457910e+03 2.49927173e+03
