<?xml version="1.0"?>
<opencv_storage>
<image_width>1920</image_width>
<image_height>1440</image_height>
<Original_camera_matrix type_id="opencv-matrix">
  <rows>3</rows>
  <cols>3</cols>
  <dt>d</dt>
  <data>
    1500. 0. 960. 0. 1500. 720. 0. 0. 1.</data></Original_camera_matrix>
<Calibrated_camera_matrix type_id="opencv-matrix">
  <rows>3</rows>
  <cols>3</cols>
  <dt>d</dt>
  <data>
    1.4992807013851238e+03 0. 9.6000002663351154e+02 0.
    1.4954031598775623e+03 7.1999996536474339e+02 0. 0. 1.</data></Calibrated_camera_matrix>
<object_points>
  <_>
    0. 0. 0. 0. 1. 0. 1. 0. 0. 1. 1. 0.</_>
  <_>
    0. 0. 0. 0. 1. 0. 1. 0. 0. 1. 1. 0.</_></object_points>
<image_points>
  <_>
    3.03648218e+03 1.67265002e+03 2.95514966e+03 1.69766296e+03
    3.08070386e+03 1.69212366e+03 3.00782178e+03 1.72692078e+03</_>
  <_>
    1.11579114e+03 1.06992908e+03 1.11924036e+03 1.08577051e+03
    1.10692627e+03 1.08434058e+03 1.12529883e+03 1.08751172e+03</_></image_points>
<Generated_extrinsic_matrix>
  <_ type_id="opencv-matrix">
    <rows>3</rows>
    <cols>3</cols>
    <dt>d</dt>
    <data>
      8.3048568436236203e-01 -5.4824139282909679e-01
      3.0116099413201198e+01 5.3490768624117457e-01
      7.3548586130096116e-01 1.3679541563924374e+01
      1.5545833933659553e-01 3.9811044072618251e-01
      2.1740215154688130e+01</data></_>
  <_ type_id="opencv-matrix">
    <rows>3</rows>
    <cols>3</cols>
    <dt>d</dt>
    <data>
      -3.0947055275677637e-01 6.3855630440455713e-01
      1.8837900734223695e+01 4.8378163012336822e-01
      7.4364919616798741e-01 4.4509281549228177e+01
      8.1864724474683948e-01 -1.9806998546953197e-01
      1.8394136003574476e+02</data></_></Generated_extrinsic_matrix>
<reprojection_error>6.1230994869881754e-04</reprojection_error>
<variance_of_random_noise>5.5000000000000000e+00</variance_of_random_noise>
<Original_camera_matrix type_id="opencv-matrix">
  <rows>3</rows>
  <cols>3</cols>
  <dt>d</dt>
  <data>
    1500. 0. 960. 0. 1500. 720. 0. 0. 1.</data></Original_camera_matrix>
<Calibrated_camera_matrix_noise type_id="opencv-matrix">
  <rows>3</rows>
  <cols>3</cols>
  <dt>d</dt>
  <data>
    1.0086113713213947e+03 0. 9.5995926801795758e+02 0.
    3.6105456887735824e+02 7.1994157771746018e+02 0. 0. 1.</data></Calibrated_camera_matrix_noise>
<reprojection_error_noise>4.3262368983456012e+00</reprojection_error_noise>
</opencv_storage>
