<?xml version="1.0"?>
<opencv_storage>
<image_width>1920</image_width>
<image_height>1440</image_height>
<Original_camera_matrix type_id="opencv-matrix">
  <rows>3</rows>
  <cols>3</cols>
  <dt>d</dt>
  <data>
    1500. 0. 960. 0. 1500. 720. 0. 0. 1.</data></Original_camera_matrix>
<Calibrated_camera_matrix type_id="opencv-matrix">
  <rows>3</rows>
  <cols>3</cols>
  <dt>d</dt>
  <data>
    1.4999313827462017e+03 0. 9.5999999963235086e+02 0.
    1.4998634432612475e+03 7.1999999855457588e+02 0. 0. 1.</data></Calibrated_camera_matrix>
<object_points>
  <_>
    0. 0. 0. 0. 1. 0. 0. 2. 0. 1. 0. 0. 1. 1. 0. 1. 2. 0. 2. 0. 0. 2. 1.
    0. 2. 2. 0.</_>
  <_>
    0. 0. 0. 0. 1. 0. 0. 2. 0. 1. 0. 0. 1. 1. 0. 1. 2. 0. 2. 0. 0. 2. 1.
    0. 2. 2. 0.</_></object_points>
<image_points>
  <_>
    1.66674792e+03 4.52759717e+03 1.67716797e+03 4.52077197e+03
    1.70331189e+03 4.51917188e+03 1.67349390e+03 4.55355127e+03
    1.69046765e+03 4.54050879e+03 1.70586438e+03 4.55091992e+03
    1.67030212e+03 4.58561475e+03 1.70072803e+03 4.58339111e+03
    1.71248230e+03 4.58943799e+03</_>
  <_>
    1.62280811e+03 1.61844763e+03 1.61433667e+03 1.59137939e+03
    1.61297803e+03 1.57507617e+03 1.64188696e+03 1.61011340e+03
    1.62656665e+03 1.59853528e+03 1.62917078e+03 1.57955273e+03
    1.66472217e+03 1.60994458e+03 1.64646729e+03 1.58998938e+03
    1.64484705e+03 1.57429871e+03</_></image_points>
<Generated_extrinsic_matrix>
  <_ type_id="opencv-matrix">
    <rows>3</rows>
    <cols>3</cols>
    <dt>d</dt>
    <data>
      -3.2606060890703892e-02 9.9946574790927767e-01
      4.1284468845751846e+01 9.1001633785567992e-01
      3.0618742991767089e-02 2.2145855019338384e+02
      -4.1328816778239491e-01 -1.1432905744058558e-02
      8.7445727548242630e+01</data></_>
  <_ type_id="opencv-matrix">
    <rows>3</rows>
    <cols>3</cols>
    <dt>d</dt>
    <data>
      9.8834453411330692e-01 -7.9465155744551041e-02
      3.4600597039163532e+01 -1.4859185649517748e-01
      -3.1811883376826422e-01 4.6592182136531122e+01
      3.3098973876348303e-02 9.4471461120510580e-01
      7.8365461865743868e+01</data></_></Generated_extrinsic_matrix>
<reprojection_error>6.7569707389893803e-05</reprojection_error>
<variance_of_random_noise>5.5000000000000000e+00</variance_of_random_noise>
<Original_camera_matrix type_id="opencv-matrix">
  <rows>3</rows>
  <cols>3</cols>
  <dt>d</dt>
  <data>
    1500. 0. 960. 0. 1500. 720. 0. 0. 1.</data></Original_camera_matrix>
<Calibrated_camera_matrix_noise type_id="opencv-matrix">
  <rows>3</rows>
  <cols>3</cols>
  <dt>d</dt>
  <data>
    7.8140427969332507e+02 0. 9.6036967651724092e+02 0.
    3.4080657031751816e+03 7.1942985497406312e+02 0. 0. 1.</data></Calibrated_camera_matrix_noise>
<reprojection_error_noise>5.5120589987335693e+00</reprojection_error_noise>
</opencv_storage>
