<?xml version="1.0"?>
<opencv_storage>
<image_width>1920</image_width>
<image_height>1440</image_height>
<Original_camera_matrix type_id="opencv-matrix">
  <rows>3</rows>
  <cols>3</cols>
  <dt>d</dt>
  <data>
    1500. 0. 960. 0. 1500. 720. 0. 0. 1.</data></Original_camera_matrix>
<Calibrated_camera_matrix type_id="opencv-matrix">
  <rows>3</rows>
  <cols>3</cols>
  <dt>d</dt>
  <data>
    1.4999999754400940e+03 0. 960. 0. 1.4999997642374544e+03 720. 0. 0.
    1.</data></Calibrated_camera_matrix>
<object_points>
  <_>
    0. 0. 0. 0. 1. 0. 0. 2. 0. 0. 3. 0. 0. 4. 0. 0. 5. 0. 0. 6. 0. 0. 7.
    0. 0. 8. 0. 0. 9. 0. 0. 10. 0. 0. 11. 0. 0. 12. 0. 0. 13. 0. 0. 14.
    0. 0. 15. 0. 0. 16. 0. 0. 17. 0. 0. 18. 0. 0. 19. 0. 0. 20. 0. 0.
    21. 0. 0. 22. 0. 0. 23. 0. 0. 24. 0. 0. 25. 0. 0. 26. 0. 0. 27. 0.
    0. 28. 0. 0. 29. 0. 1. 0. 0. 1. 1. 0. 1. 2. 0. 1. 3. 0. 1. 4. 0. 1.
    5. 0. 1. 6. 0. 1. 7. 0. 1. 8. 0. 1. 9. 0. 1. 10. 0. 1. 11. 0. 1. 12.
    0. 1. 13. 0. 1. 14. 0. 1. 15. 0. 1. 16. 0. 1. 17. 0. 1. 18. 0. 1.
    19. 0. 1. 20. 0. 1. 21. 0. 1. 22. 0. 1. 23. 0. 1. 24. 0. 1. 25. 0.
    1. 26. 0. 1. 27. 0. 1. 28. 0. 1. 29. 0. 2. 0. 0. 2. 1. 0. 2. 2. 0.
    2. 3. 0. 2. 4. 0. 2. 5. 0. 2. 6. 0. 2. 7. 0. 2. 8. 0. 2. 9. 0. 2.
    10. 0. 2. 11. 0. 2. 12. 0. 2. 13. 0. 2. 14. 0. 2. 15. 0. 2. 16. 0.
    2. 17. 0. 2. 18. 0. 2. 19. 0. 2. 20. 0. 2. 21. 0. 2. 22. 0. 2. 23.
    0. 2. 24. 0. 2. 25. 0. 2. 26. 0. 2. 27. 0. 2. 28. 0. 2. 29. 0. 3. 0.
    0. 3. 1. 0. 3. 2. 0. 3. 3. 0. 3. 4. 0. 3. 5. 0. 3. 6. 0. 3. 7. 0. 3.
    8. 0. 3. 9. 0. 3. 10. 0. 3. 11. 0. 3. 12. 0. 3. 13. 0. 3. 14. 0. 3.
    15. 0. 3. 16. 0. 3. 17. 0. 3. 18. 0. 3. 19. 0. 3. 20. 0. 3. 21. 0.
    3. 22. 0. 3. 23. 0. 3. 24. 0. 3. 25. 0. 3. 26. 0. 3. 27. 0. 3. 28.
    0. 3. 29. 0. 4. 0. 0. 4. 1. 0. 4. 2. 0. 4. 3. 0. 4. 4. 0. 4. 5. 0.
    4. 6. 0. 4. 7. 0. 4. 8. 0. 4. 9. 0. 4. 10. 0. 4. 11. 0. 4. 12. 0. 4.
    13. 0. 4. 14. 0. 4. 15. 0. 4. 16. 0. 4. 17. 0. 4. 18. 0. 4. 19. 0.
    4. 20. 0. 4. 21. 0. 4. 22. 0. 4. 23. 0. 4. 24. 0. 4. 25. 0. 4. 26.
    0. 4. 27. 0. 4. 28. 0. 4. 29. 0. 5. 0. 0. 5. 1. 0. 5. 2. 0. 5. 3. 0.
    5. 4. 0. 5. 5. 0. 5. 6. 0. 5. 7. 0. 5. 8. 0. 5. 9. 0. 5. 10. 0. 5.
    11. 0. 5. 12. 0. 5. 13. 0. 5. 14. 0. 5. 15. 0. 5. 16. 0. 5. 17. 0.
    5. 18. 0. 5. 19. 0. 5. 20. 0. 5. 21. 0. 5. 22. 0. 5. 23. 0. 5. 24.
    0. 5. 25. 0. 5. 26. 0. 5. 27. 0. 5. 28. 0. 5. 29. 0. 6. 0. 0. 6. 1.
    0. 6. 2. 0. 6. 3. 0. 6. 4. 0. 6. 5. 0. 6. 6. 0. 6. 7. 0. 6. 8. 0. 6.
    9. 0. 6. 10. 0. 6. 11. 0. 6. 12. 0. 6. 13. 0. 6. 14. 0. 6. 15. 0. 6.
    16. 0. 6. 17. 0. 6. 18. 0. 6. 19. 0. 6. 20. 0. 6. 21. 0. 6. 22. 0.
    6. 23. 0. 6. 24. 0. 6. 25. 0. 6. 26. 0. 6. 27. 0. 6. 28. 0. 6. 29.
    0. 7. 0. 0. 7. 1. 0. 7. 2. 0. 7. 3. 0. 7. 4. 0. 7. 5. 0. 7. 6. 0. 7.
    7. 0. 7. 8. 0. 7. 9. 0. 7. 10. 0. 7. 11. 0. 7. 12. 0. 7. 13. 0. 7.
    14. 0. 7. 15. 0. 7. 16. 0. 7. 17. 0. 7. 18. 0. 7. 19. 0. 7. 20. 0.
    7. 21. 0. 7. 22. 0. 7. 23. 0. 7. 24. 0. 7. 25. 0. 7. 26. 0. 7. 27.
    0. 7. 28. 0. 7. 29. 0. 8. 0. 0. 8. 1. 0. 8. 2. 0. 8. 3. 0. 8. 4. 0.
    8. 5. 0. 8. 6. 0. 8. 7. 0. 8. 8. 0. 8. 9. 0. 8. 10. 0. 8. 11. 0. 8.
    12. 0. 8. 13. 0. 8. 14. 0. 8. 15. 0. 8. 16. 0. 8. 17. 0. 8. 18. 0.
    8. 19. 0. 8. 20. 0. 8. 21. 0. 8. 22. 0. 8. 23. 0. 8. 24. 0. 8. 25.
    0. 8. 26. 0. 8. 27. 0. 8. 28. 0. 8. 29. 0. 9. 0. 0. 9. 1. 0. 9. 2.
    0. 9. 3. 0. 9. 4. 0. 9. 5. 0. 9. 6. 0. 9. 7. 0. 9. 8. 0. 9. 9. 0. 9.
    10. 0. 9. 11. 0. 9. 12. 0. 9. 13. 0. 9. 14. 0. 9. 15. 0. 9. 16. 0.
    9. 17. 0. 9. 18. 0. 9. 19. 0. 9. 20. 0. 9. 21. 0. 9. 22. 0. 9. 23.
    0. 9. 24. 0. 9. 25. 0. 9. 26. 0. 9. 27. 0. 9. 28. 0. 9. 29. 0. 10.
    0. 0. 10. 1. 0. 10. 2. 0. 10. 3. 0. 10. 4. 0. 10. 5. 0. 10. 6. 0.
    10. 7. 0. 10. 8. 0. 10. 9. 0. 10. 10. 0. 10. 11. 0. 10. 12. 0. 10.
    13. 0. 10. 14. 0. 10. 15. 0. 10. 16. 0. 10. 17. 0. 10. 18. 0. 10.
    19. 0. 10. 20. 0. 10. 21. 0. 10. 22. 0. 10. 23. 0. 10. 24. 0. 10.
    25. 0. 10. 26. 0. 10. 27. 0. 10. 28. 0. 10. 29. 0. 11. 0. 0. 11. 1.
    0. 11. 2. 0. 11. 3. 0. 11. 4. 0. 11. 5. 0. 11. 6. 0. 11. 7. 0. 11.
    8. 0. 11. 9. 0. 11. 10. 0. 11. 11. 0. 11. 12. 0. 11. 13. 0. 11. 14.
    0. 11. 15. 0. 11. 16. 0. 11. 17. 0. 11. 18. 0. 11. 19. 0. 11. 20. 0.
    11. 21. 0. 11. 22. 0. 11. 23. 0. 11. 24. 0. 11. 25. 0. 11. 26. 0.
    11. 27. 0. 11. 28. 0. 11. 29. 0. 12. 0. 0. 12. 1. 0. 12. 2. 0. 12.
    3. 0. 12. 4. 0. 12. 5. 0. 12. 6. 0. 12. 7. 0. 12. 8. 0. 12. 9. 0.
    12. 10. 0. 12. 11. 0. 12. 12. 0. 12. 13. 0. 12. 14. 0. 12. 15. 0.
    12. 16. 0. 12. 17. 0. 12. 18. 0. 12. 19. 0. 12. 20. 0. 12. 21. 0.
    12. 22. 0. 12. 23. 0. 12. 24. 0. 12. 25. 0. 12. 26. 0. 12. 27. 0.
    12. 28. 0. 12. 29. 0. 13. 0. 0. 13. 1. 0. 13. 2. 0. 13. 3. 0. 13. 4.
    0. 13. 5. 0. 13. 6. 0. 13. 7. 0. 13. 8. 0. 13. 9. 0. 13. 10. 0. 13.
    11. 0. 13. 12. 0. 13. 13. 0. 13. 14. 0. 13. 15. 0. 13. 16. 0. 13.
    17. 0. 13. 18. 0. 13. 19. 0. 13. 20. 0. 13. 21. 0. 13. 22. 0. 13.
    23. 0. 13. 24. 0. 13. 25. 0. 13. 26. 0. 13. 27. 0. 13. 28. 0. 13.
    29. 0. 14. 0. 0. 14. 1. 0. 14. 2. 0. 14. 3. 0. 14. 4. 0. 14. 5. 0.
    14. 6. 0. 14. 7. 0. 14. 8. 0. 14. 9. 0. 14. 10. 0. 14. 11. 0. 14.
    12. 0. 14. 13. 0. 14. 14. 0. 14. 15. 0. 14. 16. 0. 14. 17. 0. 14.
    18. 0. 14. 19. 0. 14. 20. 0. 14. 21. 0. 14. 22. 0. 14. 23. 0. 14.
    24. 0. 14. 25. 0. 14. 26. 0. 14. 27. 0. 14. 28. 0. 14. 29. 0. 15. 0.
    0. 15. 1. 0. 15. 2. 0. 15. 3. 0. 15. 4. 0. 15. 5. 0. 15. 6. 0. 15.
    7. 0. 15. 8. 0. 15. 9. 0. 15. 10. 0. 15. 11. 0. 15. 12. 0. 15. 13.
    0. 15. 14. 0. 15. 15. 0. 15. 16. 0. 15. 17. 0. 15. 18. 0. 15. 19. 0.
    15. 20. 0. 15. 21. 0. 15. 22. 0. 15. 23. 0. 15. 24. 0. 15. 25. 0.
    15. 26. 0. 15. 27. 0. 15. 28. 0. 15. 29. 0. 16. 0. 0. 16. 1. 0. 16.
    2. 0. 16. 3. 0. 16. 4. 0. 16. 5. 0. 16. 6. 0. 16. 7. 0. 16. 8. 0.
    16. 9. 0. 16. 10. 0. 16. 11. 0. 16. 12. 0. 16. 13. 0. 16. 14. 0. 16.
    15. 0. 16. 16. 0. 16. 17. 0. 16. 18. 0. 16. 19. 0. 16. 20. 0. 16.
    21. 0. 16. 22. 0. 16. 23. 0. 16. 24. 0. 16. 25. 0. 16. 26. 0. 16.
    27. 0. 16. 28. 0. 16. 29. 0. 17. 0. 0. 17. 1. 0. 17. 2. 0. 17. 3. 0.
    17. 4. 0. 17. 5. 0. 17. 6. 0. 17. 7. 0. 17. 8. 0. 17. 9. 0. 17. 10.
    0. 17. 11. 0. 17. 12. 0. 17. 13. 0. 17. 14. 0. 17. 15. 0. 17. 16. 0.
    17. 17. 0. 17. 18. 0. 17. 19. 0. 17. 20. 0. 17. 21. 0. 17. 22. 0.
    17. 23. 0. 17. 24. 0. 17. 25. 0. 17. 26. 0. 17. 27. 0. 17. 28. 0.
    17. 29. 0. 18. 0. 0. 18. 1. 0. 18. 2. 0. 18. 3. 0. 18. 4. 0. 18. 5.
    0. 18. 6. 0. 18. 7. 0. 18. 8. 0. 18. 9. 0. 18. 10. 0. 18. 11. 0. 18.
    12. 0. 18. 13. 0. 18. 14. 0. 18. 15. 0. 18. 16. 0. 18. 17. 0. 18.
    18. 0. 18. 19. 0. 18. 20. 0. 18. 21. 0. 18. 22. 0. 18. 23. 0. 18.
    24. 0. 18. 25. 0. 18. 26. 0. 18. 27. 0. 18. 28. 0. 18. 29. 0. 19. 0.
    0. 19. 1. 0. 19. 2. 0. 19. 3. 0. 19. 4. 0. 19. 5. 0. 19. 6. 0. 19.
    7. 0. 19. 8. 0. 19. 9. 0. 19. 10. 0. 19. 11. 0. 19. 12. 0. 19. 13.
    0. 19. 14. 0. 19. 15. 0. 19. 16. 0. 19. 17. 0. 19. 18. 0. 19. 19. 0.
    19. 20. 0. 19. 21. 0. 19. 22. 0. 19. 23. 0. 19. 24. 0. 19. 25. 0.
    19. 26. 0. 19. 27. 0. 19. 28. 0. 19. 29. 0. 20. 0. 0. 20. 1. 0. 20.
    2. 0. 20. 3. 0. 20. 4. 0. 20. 5. 0. 20. 6. 0. 20. 7. 0. 20. 8. 0.
    20. 9. 0. 20. 10. 0. 20. 11. 0. 20. 12. 0. 20. 13. 0. 20. 14. 0. 20.
    15. 0. 20. 16. 0. 20. 17. 0. 20. 18. 0. 20. 19. 0. 20. 20. 0. 20.
    21. 0. 20. 22. 0. 20. 23. 0. 20. 24. 0. 20. 25. 0. 20. 26. 0. 20.
    27. 0. 20. 28. 0. 20. 29. 0. 21. 0. 0. 21. 1. 0. 21. 2. 0. 21. 3. 0.
    21. 4. 0. 21. 5. 0. 21. 6. 0. 21. 7. 0. 21. 8. 0. 21. 9. 0. 21. 10.
    0. 21. 11. 0. 21. 12. 0. 21. 13. 0. 21. 14. 0. 21. 15. 0. 21. 16. 0.
    21. 17. 0. 21. 18. 0. 21. 19. 0. 21. 20. 0. 21. 21. 0. 21. 22. 0.
    21. 23. 0. 21. 24. 0. 21. 25. 0. 21. 26. 0. 21. 27. 0. 21. 28. 0.
    21. 29. 0. 22. 0. 0. 22. 1. 0. 22. 2. 0. 22. 3. 0. 22. 4. 0. 22. 5.
    0. 22. 6. 0. 22. 7. 0. 22. 8. 0. 22. 9. 0. 22. 10. 0. 22. 11. 0. 22.
    12. 0. 22. 13. 0. 22. 14. 0. 22. 15. 0. 22. 16. 0. 22. 17. 0. 22.
    18. 0. 22. 19. 0. 22. 20. 0. 22. 21. 0. 22. 22. 0. 22. 23. 0. 22.
