<?xml version="1.0"?>
<opencv_storage>
<image_width>1920</image_width>
<image_height>1440</image_height>
<Original_camera_matrix type_id="opencv-matrix">
  <rows>3</rows>
  <cols>3</cols>
  <dt>d</dt>
  <data>
    1500. 0. 960. 0. 1500. 720. 0. 0. 1.</data></Original_camera_matrix>
<Calibrated_camera_matrix type_id="opencv-matrix">
  <rows>3</rows>
  <cols>3</cols>
  <dt>d</dt>
  <data>
    1.5001221300849816e+03 0. 9.5999999919300444e+02 0.
    1.5002817071984045e+03 7.2000000000099067e+02 0. 0. 1.</data></Calibrated_camera_matrix>
<object_points>
  <_>
    0. 0. 0. 0. 1. 0. 0. 2. 0. 0. 3. 0. 1. 0. 0. 1. 1. 0. 1. 2. 0. 1. 3.
    0. 2. 0. 0. 2. 1. 0. 2. 2. 0. 2. 3. 0. 3. 0. 0. 3. 1. 0. 3. 2. 0. 3.
    3. 0.</_>
  <_>
    0. 0. 0. 0. 1. 0. 0. 2. 0. 0. 3. 0. 1. 0. 0. 1. 1. 0. 1. 2. 0. 1. 3.
    0. 2. 0. 0. 2. 1. 0. 2. 2. 0. 2. 3. 0. 3. 0. 0. 3. 1. 0. 3. 2. 0. 3.
    3. 0.</_></object_points>
<image_points>
  <_>
    2.65393652e+03 8.57193115e+02 2.66350244e+03 8.50528381e+02
    2.68886060e+03 8.49094055e+02 2.70725586e+03 8.52987915e+02
    2.65169897e+03 8.46501709e+02 2.66607910e+03 8.57083923e+02
    2.67871753e+03 8.61004883e+02 2.70819287e+03 8.58953552e+02
    2.64760400e+03 8.71401245e+02 2.66048560e+03 8.78446960e+02
    2.67771118e+03 8.69246399e+02 2.70190063e+03 8.70424316e+02
    2.63895410e+03 8.83091248e+02 2.64940283e+03 8.89349426e+02
    2.67762085e+03 8.87818115e+02 2.69186523e+03 8.89881226e+02</_>
  <_>
    1.03939294e+03 2.80275635e+03 1.05113892e+03 2.78446973e+03
    1.04756177e+03 2.75514966e+03 1.05308191e+03 2.75470630e+03
    1.03694006e+03 2.79745630e+03 1.03929663e+03 2.78141650e+03
    1.05402698e+03 2.76521924e+03 1.05249890e+03 2.75223340e+03
    1.02894153e+03 2.80443628e+03 1.04369641e+03 2.78664331e+03
    1.04510779e+03 2.76513281e+03 1.03778833e+03 2.74838672e+03
    1.04105249e+03 2.80305396e+03 1.02938159e+03 2.79670166e+03
    1.05031201e+03 2.77159302e+03 1.04919983e+03 2.74990649e+03</_></image_points>
<Generated_extrinsic_matrix>
  <_ type_id="opencv-matrix">
    <rows>3</rows>
    <cols>3</cols>
    <dt>d</dt>
    <data>
      5.2802808558171044e-02 9.6491458006995290e-01
      1.2976262629897710e+02 8.9477653884046227e-01
      6.8639848982366525e-02 9.8265118602917596e+00
      4.4338111027540561e-01 -2.5343327386139408e-01
      1.1480969479811674e+02</data></_>
  <_ type_id="opencv-matrix">
    <rows>3</rows>
    <cols>3</cols>
    <dt>d</dt>
    <data>
      -8.3416218922966134e-02 3.6321952548536324e-01
      6.9560972830800694e+00 8.3429214812567332e-01
      -4.8380527891013225e-01 1.7522387149996806e+02
      5.4497554623711797e-01 7.9624369913040860e-01
      1.2626586235635770e+02</data></_></Generated_extrinsic_matrix>
<reprojection_error>7.1306286852684941e-05</reprojection_error>
<variance_of_random_noise>5.5000000000000000e+00</variance_of_random_noise>
<Original_camera_matrix type_id="opencv-matrix">
  <rows>3</rows>
  <cols>3</cols>
  <dt>d</dt>
  <data>
    1500. 0. 960. 0. 1500. 720. 0. 0. 1.</data></Original_camera_matrix>
<Calibrated_camera_matrix_noise type_id="opencv-matrix">
  <rows>3</rows>
  <cols>3</cols>
  <dt>d</dt>
  <data>
    1.3194872640432905e+03 0. 9.6021145061105869e+02 0.
    2.1274717875967558e+03 7.1996444457845075e+02 0. 0. 1.</data></Calibrated_camera_matrix_noise>
<reprojection_error_noise>6.6825369661203888e+00</reprojection_error_noise>
</opencv_storage>
