<?xml version="1.0"?>
<opencv_storage>
<image_width>1920</image_width>
<image_height>1440</image_height>
<Original_camera_matrix type_id="opencv-matrix">
  <rows>3</rows>
  <cols>3</cols>
  <dt>d</dt>
  <data>
    1500. 0. 960. 0. 1500. 720. 0. 0. 1.</data></Original_camera_matrix>
<Calibrated_camera_matrix type_id="opencv-matrix">
  <rows>3</rows>
  <cols>3</cols>
  <dt>d</dt>
  <data>
    1.5000265716258243e+03 0. 9.5999999921955964e+02 0.
    1.5001410548494705e+03 7.2000000051615984e+02 0. 0. 1.</data></Calibrated_camera_matrix>
<object_points>
  <_>
    0. 0. 0. 0. 1. 0. 0. 2. 0. 0. 3. 0. 0. 4. 0. 1. 0. 0. 1. 1. 0. 1. 2.
    0. 1. 3. 0. 1. 4. 0. 2. 0. 0. 2. 1. 0. 2. 2. 0. 2. 3. 0. 2. 4. 0. 3.
    0. 0. 3. 1. 0. 3. 2. 0. 3. 3. 0. 3. 4. 0. 4. 0. 0. 4. 1. 0. 4. 2. 0.
    4. 3. 0. 4. 4. 0.</_>
  <_>
    0. 0. 0. 0. 1. 0. 0. 2. 0. 0. 3. 0. 0. 4. 0. 1. 0. 0. 1. 1. 0. 1. 2.
    0. 1. 3. 0. 1. 4. 0. 2. 0. 0. 2. 1. 0. 2. 2. 0. 2. 3. 0. 2. 4. 0. 3.
    0. 0. 3. 1. 0. 3. 2. 0. 3. 3. 0. 3. 4. 0. 4. 0. 0. 4. 1. 0. 4. 2. 0.
    4. 3. 0. 4. 4. 0.</_></object_points>
<image_points>
  <_>
    2.72263135e+03 2.43971680e+03 2.68840698e+03 2.41176709e+03
    2.67067993e+03 2.38961279e+03 2.64666113e+03 2.37332788e+03
    2.62114453e+03 2.34079272e+03 2.74500146e+03 2.43157910e+03
    2.71357251e+03 2.41413965e+03 2.69969287e+03 2.39129395e+03
    2.66788892e+03 2.37726660e+03 2.63910840e+03 2.36458130e+03
    2.76687036e+03 2.43574878e+03 2.74671582e+03 2.41549121e+03
    2.71125757e+03 2.40123071e+03 2.67913208e+03 2.38716553e+03
    2.66543262e+03 2.36583130e+03 2.79127026e+03 2.44842554e+03
    2.75459619e+03 2.42476782e+03 2.73512549e+03 2.40555859e+03
    2.70114502e+03 2.37563208e+03 2.67704272e+03 2.37487964e+03
    2.80235767e+03 2.44310693e+03 2.77242627e+03 2.42544727e+03
    2.75572290e+03 2.40797290e+03 2.72358032e+03 2.39403320e+03
    2.68629785e+03 2.37131812e+03</_>
  <_>
    3.41129761e+03 4.11974170e+03 3.38741162e+03 4.09633838e+03
    3.35517920e+03 4.07779272e+03 3.34996826e+03 4.05677319e+03
    3.31395435e+03 4.04961743e+03 3.42463794e+03 4.11544434e+03
    3.39824829e+03 4.09165918e+03 3.37932959e+03 4.07647607e+03
    3.36151831e+03 4.05695166e+03 3.33176147e+03 4.02675684e+03
    3.43055664e+03 4.09277515e+03 3.41398389e+03 4.08633862e+03
    3.39280835e+03 4.06331787e+03 3.36233618e+03 4.03676074e+03
    3.33394507e+03 4.03899194e+03 3.43384277e+03 4.09519409e+03
    3.41814233e+03 4.07194019e+03 3.39468970e+03 4.07655640e+03
    3.37976758e+03 4.03993774e+03 3.35958984e+03 4.02222998e+03
    3.44510107e+03 4.08892285e+03 3.42203198e+03 4.07405371e+03
    3.40303174e+03 4.04973926e+03 3.38034106e+03 4.02765381e+03
    3.36437085e+03 4.01833765e+03</_></image_points>
<Generated_extrinsic_matrix>
  <_ type_id="opencv-matrix">
    <rows>3</rows>
    <cols>3</cols>
    <dt>d</dt>
    <data>
      9.7009149922949400e-01 -9.1353760346534404e-02
      7.8521240452278363e+01 2.3927574448423500e-01
      2.0392333305053129e-01 7.6155504988568651e+01
      4.0860754082463258e-02 9.7471522236400421e-01
      6.6767623411019599e+01</data></_>
  <_ type_id="opencv-matrix">
    <rows>3</rows>
    <cols>3</cols>
    <dt>d</dt>
    <data>
      9.7993641824744204e-01 -1.6003266693154811e-01
      1.7679721728231610e+02 -2.7883156100971952e-02
      4.8013374526534597e-01 2.4507010937838805e+02
      1.9735031238440603e-01 8.6247384434094443e-01
      1.0818490156194309e+02</data></_></Generated_extrinsic_matrix>
<reprojection_error>9.7848952257492710e-05</reprojection_error>
<variance_of_random_noise>5.5000000000000000e+00</variance_of_random_noise>
<Original_camera_matrix type_id="opencv-matrix">
  <rows>3</rows>
  <cols>3</cols>
  <dt>d</dt>
  <data>
    1500. 0. 960. 0. 1500. 720. 0. 0. 1.</data></Original_camera_matrix>
<Calibrated_camera_matrix_noise type_id="opencv-matrix">
  <rows>3</rows>
  <cols>3</cols>
  <dt>d</dt>
  <data>
    2.3871601363050977e+03 0. 9.6009485762099473e+02 0.
    1.7551224326231709e+03 7.2007693090816429e+02 0. 0. 1.</data></Calibrated_camera_matrix_noise>
<reprojection_error_noise>7.5821257644216447e+00</reprojection_error_noise>
</opencv_storage>
