<?xml version="1.0"?>
<opencv_storage>
<image_width>1920</image_width>
<image_height>1440</image_height>
<Original_camera_matrix type_id="opencv-matrix">
  <rows>3</rows>
  <cols>3</cols>
  <dt>d</dt>
  <data>
    1500. 0. 960. 0. 1500. 720. 0. 0. 1.</data></Original_camera_matrix>
<Calibrated_camera_matrix type_id="opencv-matrix">
  <rows>3</rows>
  <cols>3</cols>
  <dt>d</dt>
  <data>
    1.5004017058006195e+03 0. 9.6000000363922288e+02 0.
    1.5000067519345432e+03 7.1999999320881500e+02 0. 0. 1.</data></Calibrated_camera_matrix>
<object_points>
  <_>
    0. 0. 0. 0. 1. 0. 0. 2. 0. 0. 3. 0. 0. 4. 0. 0. 5. 0. 1. 0. 0. 1. 1.
    0. 1. 2. 0. 1. 3. 0. 1. 4. 0. 1. 5. 0. 2. 0. 0. 2. 1. 0. 2. 2. 0. 2.
    3. 0. 2. 4. 0. 2. 5. 0. 3. 0. 0. 3. 1. 0. 3. 2. 0. 3. 3. 0. 3. 4. 0.
    3. 5. 0. 4. 0. 0. 4. 1. 0. 4. 2. 0. 4. 3. 0. 4. 4. 0. 4. 5. 0. 5. 0.
    0. 5. 1. 0. 5. 2. 0. 5. 3. 0. 5. 4. 0. 5. 5. 0.</_>
  <_>
    0. 0. 0. 0. 1. 0. 0. 2. 0. 0. 3. 0. 0. 4. 0. 0. 5. 0. 1. 0. 0. 1. 1.
    0. 1. 2. 0. 1. 3. 0. 1. 4. 0. 1. 5. 0. 2. 0. 0. 2. 1. 0. 2. 2. 0. 2.
    3. 0. 2. 4. 0. 2. 5. 0. 3. 0. 0. 3. 1. 0. 3. 2. 0. 3. 3. 0. 3. 4. 0.
    3. 5. 0. 4. 0. 0. 4. 1. 0. 4. 2. 0. 4. 3. 0. 4. 4. 0. 4. 5. 0. 5. 0.
    0. 5. 1. 0. 5. 2. 0. 5. 3. 0. 5. 4. 0. 5. 5. 0.</_></object_points>
<image_points>
  <_>
    1.82557776e+03 4.63848145e+03 1.81980798e+03 4.61587207e+03
    1.82973926e+03 4.59874512e+03 1.83261646e+03 4.58719336e+03
    1.83326453e+03 4.55911230e+03 1.83231396e+03 4.55472314e+03
    1.82527954e+03 4.57060254e+03 1.83932361e+03 4.55324121e+03
    1.83467383e+03 4.54439502e+03 1.83230933e+03 4.53660352e+03
    1.83420081e+03 4.51279199e+03 1.84296741e+03 4.49957910e+03
    1.83148059e+03 4.51616846e+03 1.82676697e+03 4.50772998e+03
    1.83973450e+03 4.49172607e+03 1.83864062e+03 4.47953613e+03
    1.83116003e+03 4.46334863e+03 1.84006702e+03 4.45125000e+03
    1.82965051e+03 4.44980420e+03 1.83246545e+03 4.45481592e+03
    1.82979089e+03 4.42845117e+03 1.82932434e+03 4.41868506e+03
    1.84126257e+03 4.40873584e+03 1.83697290e+03 4.40197266e+03
    1.82286121e+03 4.40546436e+03 1.83480908e+03 4.39403613e+03
    1.83344385e+03 4.37886523e+03 1.82337793e+03 4.36843311e+03
    1.83998767e+03 4.35541260e+03 1.82545618e+03 4.35614307e+03
    1.83973401e+03 4.35517627e+03 1.83589050e+03 4.33990186e+03
    1.83916382e+03 4.33310742e+03 1.84319885e+03 4.32185156e+03
    1.83495068e+03 4.29980859e+03 1.84105835e+03 4.28259326e+03</_>
  <_>
    2.03441467e+03 2.10909692e+03 2.02953357e+03 2.10755859e+03
    2.01504724e+03 2.10216919e+03 2.00234131e+03 2.12526074e+03
    2.00363391e+03 2.11114941e+03 2.00468738e+03 2.10957397e+03
    2.02638831e+03 2.11825195e+03 2.02748254e+03 2.10273462e+03
    2.02302014e+03 2.10582300e+03 2.00982788e+03 2.10253467e+03
    2.00354211e+03 2.10927466e+03 2.00100867e+03 2.10625171e+03
    2.02308081e+03 2.08784106e+03 2.02285583e+03 2.09925659e+03
    2.01864258e+03 2.09180566e+03 2.00300269e+03 2.08991235e+03
    1.99981226e+03 2.09997656e+03 2.00762878e+03 2.10323926e+03
    2.02798486e+03 2.08662598e+03 2.01376111e+03 2.08878540e+03
    2.01488306e+03 2.09088721e+03 2.01133215e+03 2.08511938e+03
    2.00490527e+03 2.08372900e+03 2.00351929e+03 2.09438940e+03
    2.02258240e+03 2.07725000e+03 2.02480969e+03 2.07268555e+03
    2.01604858e+03 2.07773560e+03 2.01589233e+03 2.08687671e+03
    2.00350879e+03 2.07688843e+03 1.99253357e+03 2.08503442e+03
    2.01690625e+03 2.07076904e+03 2.01736450e+03 2.07701685e+03
    2.01204333e+03 2.07207983e+03 2.00499902e+03 2.07504419e+03
    2.00210229e+03 2.08706885e+03 1.99497620e+03 2.06942578e+03</_></image_points>
<Generated_extrinsic_matrix>
  <_ type_id="opencv-matrix">
    <rows>3</rows>
    <cols>3</cols>
    <dt>d</dt>
    <data>
      4.4184662461497837e-01 3.4375347456712796e-01
      3.3951159095466863e+01 -6.2577193020015232e-01
      7.7994039414415950e-01 1.5309974763473656e+02
      6.4279160829146353e-01 5.2299763890985229e-01
      5.8738835936491299e+01</data></_>
  <_ type_id="opencv-matrix">
    <rows>3</rows>
    <cols>3</cols>
    <dt>d</dt>
    <data>
      4.2610442289976913e-01 -4.0956873959313467e-01
      1.6587652830409399e+02 -3.4930828021699800e-01
      7.4801838682395583e-01 2.1544345886370388e+02
      8.3451707361629102e-01 5.2222786264367183e-01
      2.3291580351181221e+02</data></_></Generated_extrinsic_matrix>
<reprojection_error>1.2447698363897885e-04</reprojection_error>
<variance_of_random_noise>5.5000000000000000e+00</variance_of_random_noise>
<Original_camera_matrix type_id="opencv-matrix">
  <rows>3</rows>
  <cols>3</cols>
  <dt>d</dt>
  <data>
    1500. 0. 960. 0. 1500. 720. 0. 0. 1.</data></Original_camera_matrix>
<Calibrated_camera_matrix_noise type_id="opencv-matrix">
  <rows>3</rows>
  <cols>3</cols>
  <dt>d</dt>
  <data>
    1.2024630974965162e+03 0. 9.6003318743448040e+02 0.
    3.3995791307822728e+03 7.2011434957402548e+02 0. 0. 1.</data></Calibrated_camera_matrix_noise>
<reprojection_error_noise>7.2545440843655680e+00</reprojection_error_noise>
</opencv_storage>
