<?xml version="1.0"?>
<opencv_storage>
<image_width>1920</image_width>
<image_height>1080</image_height>
<camera_matrix type_id="opencv-matrix">
  <rows>3</rows>
  <cols>3</cols>
  <dt>d</dt>
  <data>
    1.7404107787730097e+03 0. 8.9453956866192493e+02 0.
    1.6566649586296755e+03 6.1687569972439940e+02 0. 0. 1.</data></camera_matrix>
<distortion_coefficients type_id="opencv-matrix">
  <rows>1</rows>
  <cols>5</cols>
  <dt>d</dt>
  <data>
    -4.4188844398660965e-01 -1.1131392965519742e+00 0. 0.
    3.3652652900478577e+00</data></distortion_coefficients>
</opencv_storage>
