<?xml version="1.0"?>
<opencv_storage>
<image_width>1920</image_width>
<image_height>1080</image_height>
<camera_matrix type_id="opencv-matrix">
  <rows>3</rows>
  <cols>3</cols>
  <dt>d</dt>
  <data>
    1.7222671016285874e+03 0. 9.0909266785160025e+02 0.
    1.7206134184259083e+03 5.5424752003578533e+02 0. 0. 1.</data></camera_matrix>
<distortion_coefficients type_id="opencv-matrix">
  <rows>1</rows>
  <cols>5</cols>
  <dt>d</dt>
  <data>
    3.6332975355602809e-01 -3.3320606772887906e+00 0. 0.
    1.0177208881726632e+01</data></distortion_coefficients>
</opencv_storage>
