<?xml version="1.0"?>
<opencv_storage>
<image_width>1920</image_width>
<image_height>1080</image_height>
<camera_matrix type_id="opencv-matrix">
  <rows>3</rows>
  <cols>3</cols>
  <dt>d</dt>
  <data>
    1.7611292995108968e+03 0. 9.5625746885223862e+02 0.
    1.7480916604191048e+03 5.3816973823593958e+02 0. 0. 1.</data></camera_matrix>
<distortion_coefficients type_id="opencv-matrix">
  <rows>1</rows>
  <cols>5</cols>
  <dt>d</dt>
  <data>
    3.3980810441313036e-01 -1.9202925913716209e+00 0. 0.
    3.1378666673823163e+00</data></distortion_coefficients>
</opencv_storage>
