<?xml version="1.0"?>
<opencv_storage>
<image_width>568</image_width>
<image_height>320</image_height>
<camera_matrix type_id="opencv-matrix">
  <rows>3</rows>
  <cols>3</cols>
  <dt>d</dt>
  <data>
    5.7490104421859860e+02 0. 2.8470160850775341e+02 0.
    5.5315613866355227e+02 1.6276215833685049e+02 0. 0. 1.</data></camera_matrix>
<distortion_coefficients type_id="opencv-matrix">
  <rows>1</rows>
  <cols>5</cols>
  <dt>d</dt>
  <data>
    -1.4292625120193017e-01 -7.3038159049712992e-01 0. 0.
    1.9441219808902443e+00</data></distortion_coefficients>
</opencv_storage>
