image_width: 1920
image_height: 1440
camera_name: narrow_stereo
camera_matrix:
  rows: 3
  cols: 3
  data: [1829.071051, 0.000000, 1039.951246, 0.000000, 1858.917011, 1022.176316, 0.000000, 0.000000, 1.000000]
distortion_model: plumb_bob
distortion_coefficients:
  rows: 1
  cols: 5
  data: [-0.127561, 0.056286, 0.028797, -0.002908, 0.000000]
rectification_matrix:
  rows: 3
  cols: 3
  data: [1.000000, 0.000000, 0.000000, 0.000000, 1.000000, 0.000000, 0.000000, 0.000000, 1.000000]
projection_matrix:
  rows: 3
  cols: 4
  data: [1785.932983, 0.000000, 1039.299445, 0.000000, 0.000000, 1746.884399, 1057.276483, 0.000000, 0.000000, 0.000000, 1.000000, 0.000000]
