# oST version 5.0 parameters


[image]

width
1920

height
1440

[narrow_stereo]

camera matrix
1829.071051 0.000000 1039.951246
0.000000 1858.917011 1022.176316
0.000000 0.000000 1.000000

distortion
-0.127561 0.056286 0.028797 -0.002908 0.000000

rectification
1.000000 0.000000 0.000000
0.000000 1.000000 0.000000
0.000000 0.000000 1.000000

projection
1785.932983 0.000000 1039.299445 0.000000
0.000000 1746.884399 1057.276483 0.000000
0.000000 0.000000 1.000000 0.000000

